1 2
2 2
3 1
4 3
5 1
6 2
7 2
8 3
9 3
10 3
11 3
12 1
13 2
14 2
15 1
16 1
17 2
18 1
19 2
20 1
21 2
22 2
23 1
24 2
25 1
26 3
27 3
28 2
29 3
30 2
31 2
32 3
33 2
34 1
35 3
36 1
37 2
38 2
39 1
40 3
41 1
42 3
43 2
44 2
45 3
46 2
47 2
48 3
49 3
50 1
51 2
52 1
53 3
54 2
55 3
56 3
57 3
58 2
59 2
60 3
61 1
62 2
63 1
64 2
65 3
66 1
67 3
68 3
69 1
70 1
71 2
72 3
73 3
74 3
75 3
76 2
77 1
78 3
79 1
80 1
81 1
82 1
83 2
84 1
85 1
86 3
87 2
88 2
89 2
90 3
91 1
92 1
93 2
94 3
95 3
96 3
97 1
98 1
99 2
100 2
101 3
102 2
103 1
104 3
105 1
106 2
107 2
108 1
109 3
110 2
111 2
112 2
113 3
114 3
115 2
116 2
117 3
118 1
119 1
120 1
121 3
122 1
123 3
124 2
125 1
126 3
127 3
128 2
129 3
130 1
131 2
132 3
133 1
134 3
135 1
136 2
137 3
138 1
139 1
140 1
141 1
142 3
143 3
144 1
145 1
146 2
147 1
148 1
149 2
150 3
