1 1
2 2
3 3
4 2
5 3
6 1
7 1
8 2
9 1
10 2
11 2
12 3
13 1
14 1
15 3
16 3
17 1
18 3
19 2
20 3
21 1
22 1
23 3
24 1
25 3
26 2
27 2
28 1
29 2
30 1
31 1
32 2
33 1
34 3
35 2
36 3
37 1
38 1
39 3
40 1
41 3
42 2
43 1
44 1
45 2
46 1
47 1
48 2
49 2
50 3
51 1
52 3
53 1
54 2
55 2
56 2
57 2
58 2
59 2
60 2
61 3
62 1
63 3
64 2
65 2
66 3
67 2
68 2
69 3
70 3
71 1
72 2
73 2
74 1
75 2
76 2
77 3
78 2
79 3
80 3
81 3
82 3
83 2
84 3
85 3
86 2
87 1
88 2
89 1
90 2
91 3
92 3
93 1
94 2
95 1
96 2
97 3
98 3
99 1
100 1
101 2
102 1
103 3
104 2
105 3
106 1
107 1
108 3
109 2
110 1
111 1
112 1
113 1
114 2
115 1
116 1
117 1
118 3
119 3
120 3
121 2
122 3
123 2
124 1
125 3
126 2
127 2
128 1
129 2
130 3
131 1
132 1
133 3
134 1
135 3
136 1
137 2
138 3
139 3
140 3
141 3
142 2
143 1
144 3
145 3
146 1
147 3
148 3
149 1
150 2
